唐雄 431102200106196271 13104768669 1095900937740391 450302 20400.000000
金克斯 431102200106196324 13106183265 3477495506279275 450302 6120.000000
猪头 431102200106196325 13109456324 8246335354587022 111111 4700.000000
孙波猪头 431102200106198645 13106125698 5846701397336312 111111 0.000000
李顺 431102200106196325 13158624632 8709229613740113 111111 1900.000000
新宇 431102200106196352 13165982564 2575678977981979 111111 2000.000000
阿天 431102200106193287 13107468888 3655464176130059 450302 3100.000000
求哥 431102200106197777 13107468888 4726631847385303 789123 2000.000000
小刚刚 431102200106195555 13107465555 2099652189171052 789000 2000.000000
唐雄 132312312312 13107468667 7112082117002323 111111 0.000000
